SCMBranch=OSP_New
SCMRepository=OSP_New/Transformation_2015/images/images
behaviors.js;2770448027;1;1358283423;
behaviour.js;3663240356;1;1358283423;
calendar.png;1100670585;1;1358283424;
clock.png;827806806;1;1358283424;
datepicker.css;1936407601;1;1358283425;
datepicker.js;3682180484;1;1358283426;
job-relate.php;1811804440;1;1358283427;
main.css;1437678213;1;1358283427;
main.css~;3799943615;1;1358283428;
prototype-1.js;651032999;1;1358283429;
prototype-base-extensions.js;3361203680;1;1358283429;
prototype-date-extensions.js;3993613113;1;1358283430;
