SCMBranch=OSP_New
SCMRepository=OSP_New/Transformation_2015/images
1.gif;623023329;1;1358283387;
2.gif;2312417125;1;1358283388;
2c.jpg;238990804;1;1358283388;
3.gif;4280506014;1;1358283388;
add.png;1446474697;1;1384265246;
admin-login-3.jpg;2484523874;1;1358283388;
admin-login.jpg;3877149181;1;1358283388;
alert-icon.png;3216604319;1;1358283388;
alert1.gif;223274996;1;1358283388;
approve-icon.jpg;1263603471;1;1358283389;
approve-orders.jpg;3477737591;1;1358283389;
arrow3.jpg;1841878641;1;1358283389;
arrow5.gif;11713140;1;1358283389;
arrow6.gif;3945725660;1;1358283389;
ask-icon.jpg;786670450;1;1358283389;
authorize-net-logo.gif;574429776;1;1420638360;
authorize.png;2637899572;1;1420638900;
bl_star.png;3029105888;1;1358283389;
border.png;5826506;1;1358283390;
bottom-edge1.jpg;344714835;1;1358283390;
bottom-edge2.jpg;220636619;1;1358283390;
buy-btn.png;2951278482;1;1358283390;
buy-btn11.png;4032609277;1;1358283390;
buy-btn_old.png;1618262632;1;1358283390;
buy-txt.jpg;3852725704;1;1358283390;
cal.gif;218213399;1;1358283390;
calendar.png;1100670585;1;1358281264;
cancel-bt.jpg;1810614870;1;1358283391;
catagiry-bg.png;331784484;1;1358283391;
category-divider.jpg;3962794423;1;1358283391;
cbgapi.loaded_0;3670175455;1;1358283391;
ch-p-l.jpg;2611683160;1;1358283391;
ch-p-l2.jpg;2021959889;1;1358283391;
ch-p-r.jpg;3078639175;1;1358283392;
ch-p-r2.jpg;1246257632;1;1358283392;
change-password-title.jpg;3979119066;1;1358283392;
chat.png;3288850348;1;1358283392;
chec-logos.jpg;3844562616;1;1358283392;
cheque.jpg;2759994850;1;1420638360;
cheque.png;740654103;1;1421213760;
client-img1.jpg;204487849;1;1358283392;
clients-login.jpg;1512718291;1;1358283393;
clip_image002.gif;3681602935;1;1358283393;
clip_image004.gif;4176279297;1;1358283393;
clip_image006.gif;2325608775;1;1358283393;
clip_image008.gif;3991946617;1;1358283393;
clock.png;827806806;1;1358281264;
close_pop.png;838064982;1;1358283393;
closedfolder.png;1479496400;1;1380611230;
commen-tab.gif;1626352135;1;1358283393;
compliancecalender.png;70630404;1;1384265246;
con-box-title-bg.jpg;2460263292;1;1358283393;
confi.jpg;1857547146;1;1358283394;
contact_tab.gif;1515043269;1;1358283394;
controls.png;3164398211;1;1358283394;
createfolder.png;804306346;1;1380611229;
dashboard.php;3372809816;1;1358283394;
datepicker.css;1936407601;1;1358281265;
datepicker.js;3682180484;1;1358281265;
delete.png;3431594405;1;1358283394;
dep.jpg;31968494;1;1358283395;
doller-icon.jpg;3577879972;1;1358283395;
e_mail.png;902957016;1;1358283395;
edit.png;3775623907;1;1384265246;
emg.jpg;4276964592;1;1358283395;
f.png;712771761;1;1358283395;
facebook-e1.jpg;1413625099;1;1358283395;
feed-icon.jpg;284753208;1;1358283396;
folder.png;2867417963;1;1380611231;
folder1.png;550810533;1;1380611233;
folder_close.jpg;4247851271;1;1380611231;
footer-logos.jpg;909500978;1;1358283396;
footer.jpg;2544222061;1;1358283396;
footer222.jpg;1174910280;1;1358283396;
for-pas-title.jpg;2797019873;1;1358283396;
for-user-title.jpg;3258983332;1;1358283397;
google-checkout-old-buy-button.gif;2576975187;1;1358283397;
greendot.png;211267033;1;1384951934;
home-page.jpg;1697633887;1;1358283397;
home.png;3533501479;1;1358283397;
icon1.gif;3244365934;1;1358283397;
icon1.jpg;50302559;1;1358283397;
icon1.png;2241342298;1;1358283397;
icon10.png;631996161;1;1358283397;
icon11.png;2680384134;1;1358283398;
icon2.png;1018152718;1;1358283398;
icon3.png;3483191494;1;1358283398;
icon4.png;4104994866;1;1358283398;
icon5.png;871883664;1;1358283398;
icon6.png;812875834;1;1358283398;
icon7.png;3566180625;1;1358283399;
icon8.png;2708149196;1;1358283399;
icon9.png;462249542;1;1358283399;
images.rar;3920282532;1;1358283399;
in-e1.jpg;3031038863;1;1358283399;
in.png;656888158;1;1358283399;
innerpage-shade.jpg;3013122333;1;1358283399;
job-relate.php;1811804440;1;1358281267;
left-edge1.jpg;2919379903;1;1358283400;
left-edge11.jpg;3247880747;1;1358283400;
left-edge2.jpg;2647802789;1;1358283400;
left-h.gif;2312385507;1;1358283400;
left-menu.jpg;183555835;1;1420548900;
left-nav-bg.jpg;3280630589;1;1420548900;
lights.jpg;3851252321;1;1358283400;
link.png;3721477917;1;1358283400;
list-bg.png;448970112;1;1358283401;
live.jpg;3932064677;1;1358283401;
livesupport.gif;230354916;1;1358283401;
loader.gif;2552373524;1;1419338248;
loading.gif;1442903099;1;1358283401;
loading_background.png;3082337808;1;1358283401;
login-bt-hover.jpg;3480963887;1;1358283401;
login-bt.jpg;242523224;1;1358283401;
login.jpg;282098774;1;1358283402;
logo.jpg;2430754327;1;1358283402;
main.css;1437678213;1;1358281266;
main.css~;3799943615;1;1358281267;
make-payment.jpg;4107709314;1;1358283402;
man_black.png;3929033476;1;1358283402;
menu-btm.gif;2303637702;1;1358283402;
menu-title.jpg;2645425292;1;1358283402;
minus.gif;1897396967;1;1358283402;
msg-icon.jpg;3690217564;1;1358283403;
my-acc-tab.gif;2972347206;1;1358283403;
mydoc-icon.jpg;3786379863;1;1358283403;
mytax-logo.png;1969972436;1;1358283403;
next.jpg;2321111437;1;1358283403;
notice.png;1291078569;1;1358283403;
openfolder.png;254537919;1;1380611228;
Order.pdf;1176077418;1;1358283404;
password-icon.png;1866450362;1;1358283403;
pay-icon.jpg;2179222144;1;1358283404;
pay.jpg;304659454;1;1420638360;
pay.jpgbkp;3710929583;1;1358283404;
paypal.png;3653260046;1;1420638900;
pdf.png;748412984;1;1385034414;
performanced.jpg;4039454700;1;1358283404;
personal.png;1139855417;1;1358283404;
plus.gif;3112946305;1;1358283404;
pre.jpg;3633522398;1;1358283405;
print.png;2029066959;1;1385034415;
profile-photo.jpg;3843949682;1;1358283405;
prototype-1.js;651032999;1;1358281269;
prototype-base-extensions.js;3361203680;1;1358281268;
prototype-date-extensions.js;3993613113;1;1358281270;
rand-bg.jpg;2687801193;1;1358283405;
reddot.png;2959985870;1;1384951934;
register.jpg;3528246174;1;1358283405;
renamefolder.png;1837119183;1;1380611230;
right-edge1.jpg;2084805091;1;1358283405;
right-edge2.jpg;2569247803;1;1358283405;
rss-e1.jpg;186801357;1;1358283405;
Save.png;1941588469;1;1384265249;
search-bg.jpg;3767546997;1;1358283406;
select-icons.png;698873618;1;1358283406;
serv-next-btn.jpg;2265183457;1;1358283406;
service-img1.jpg;1659284244;1;1358283406;
service-img2.jpg;4173636270;1;1358283406;
service-img3.jpg;456388639;1;1358283407;
service-img4.jpg;2925556566;1;1358283407;
service-img5.jpg;3858236295;1;1358283407;
service-img6.jpg;371085481;1;1358283407;
service-page-img1.jpg;2490360347;1;1358283408;
service-page.jpg;2587692446;1;1358283408;
service-page.psd;2167838792;1;1358283409;
service-text-shado.jpg;487225860;1;1358283408;
shedul-icon.jpg;1316620096;1;1358283408;
signup.jpg;179866315;1;1358283409;
skype.png;3804654117;1;1358283409;
sta-icon.jpg;2549506171;1;1358283409;
steps-green.gif;3273119305;1;1358283409;
steps-red.gif;3445843759;1;1358283409;
steps-yellow.gif;1168791833;1;1358283409;
steps.gif;4278647146;1;1358283410;
steps1.gif;1327006396;1;1358283410;
steps1_.gif;830223194;1;1358283410;
steps2.gif;2003345501;1;1358283410;
steps3.gif;1155208044;1;1358283410;
system_config_boot.png;1419085352;1;1358283410;
t.png;699792807;1;1358283410;
test-bg1.jpg;3820605781;1;1358283410;
test-edge1.jpg;2863010560;1;1358283411;
test-edge2.jpg;3336394852;1;1358283411;
textbg-1.jpg;1904856068;1;1358283411;
top-bg.jpg;805856515;1;1358283411;
top-nav-bg.jpg;2223182461;1;1358283411;
twitter-e2.jpg;4179433989;1;1358283411;
update-btn.png;2987938114;1;1358283412;
update-profile.php;1935781668;1;1358283412;
update-txt.jpg;3459963720;1;1358283412;
update-txt3.jpg;3139113795;1;1358283412;
url_history.png;3372205636;1;1358283412;
use-btn.jpg;2956655947;1;1358283412;
use-tab.gif;2202006784;1;1358283412;
users.png;2964338471;1;1358283413;
wh_star.png;3942558252;1;1358283413;
what-tab.gif;1742059044;1;1358283413;
yellowdot.png;3807282374;1;1384951934;
add-icon.png;3054672389;1;1443000293;
after_approve.png;2552344746;1;1443000293;
alert_off.png;3159115723;1;1443000293;
alert_on.png;759077524;1;1443000293;
before_approve.png;3978968057;1;1443000293;
cal.png;3294935389;1;1443000293;
remove-icon.png;692767954;1;1443000293;
cal_due_date.png;53549127;1;1443004659;
useful-links.gif;4134038858;2;1480681771;
heartland.jpg;330364085;1;1496138516;
happybirthday1.jpg;1656059716;1;1523945960;
happybirthday2.jpg;1816245897;1;1523945960;
happybirthday3.jpg;1118022983;1;1523945960;
Tax_Return_filing_2017.png;2972353743;1;1523945960;
